# Blender v2.80 (sub 75) OBJ File: 'pier.blend'
# www.blender.org
mtllib pier.mtl
o Plank_Cube
v 3.232306 -0.213877 10.161272
v 3.232234 0.187532 10.160110
v 2.894765 -0.186959 19.480814
v 2.894692 0.214450 19.479652
v 1.233617 -0.214450 10.088884
v 1.233544 0.186959 10.087723
v 0.896076 -0.187532 19.408426
v 0.896003 0.213877 19.407265
vt 0.375000 0.000000
vt 0.375000 0.250000
vt 0.625000 0.250000
vt 0.625000 0.000000
vt 0.375000 0.250000
vt 0.375000 0.500000
vt 0.625000 0.500000
vt 0.625000 0.250000
vt 0.375000 0.750000
vt 0.625000 0.750000
vt 0.375000 1.000000
vt 0.625000 1.000000
vt 0.625000 0.750000
vt 0.125000 0.500000
vt 0.125000 0.750000
vt 0.375000 0.750000
vt 0.375000 0.500000
vt 0.625000 0.500000
vt 0.875000 0.750000
vt 0.875000 0.500000
vn 0.0002 -1.0000 0.0029
vn -0.0362 0.0029 0.9993
vn -0.9993 -0.0003 -0.0362
vn -0.0002 1.0000 -0.0029
vn 0.9993 0.0003 0.0362
vn 0.0362 -0.0029 -0.9993
usemtl Material
s off
f 1/1/1 3/2/1 7/3/1 5/4/1
f 4/5/2 8/6/2 7/7/2 3/8/2
f 8/6/3 6/9/3 5/10/3 7/7/3
f 6/9/4 8/11/4 4/12/4 2/13/4
f 2/14/5 4/15/5 3/16/5 1/17/5
f 6/18/6 2/13/6 1/19/6 5/20/6
o Plank.001_Cube.001
v 5.643689 0.151045 10.199940
v 5.638777 0.551351 10.229288
v 5.002876 -0.537049 19.478106
v 4.997964 -0.136743 19.507454
v 3.648566 0.136743 10.061083
v 3.643654 0.537049 10.090431
v 3.007753 -0.551351 19.339249
v 3.002841 -0.151045 19.368597
vt 0.375000 0.000000
vt 0.375000 0.250000
vt 0.625000 0.250000
vt 0.625000 0.000000
vt 0.375000 0.250000
vt 0.375000 0.500000
vt 0.625000 0.500000
vt 0.625000 0.250000
vt 0.375000 0.750000
vt 0.625000 0.750000
vt 0.375000 1.000000
vt 0.625000 1.000000
vt 0.625000 0.750000
vt 0.125000 0.500000
vt 0.125000 0.750000
vt 0.375000 0.750000
vt 0.375000 0.500000
vt 0.625000 0.500000
vt 0.875000 0.750000
vt 0.875000 0.500000
vn 0.0122 -0.9972 -0.0731
vn -0.0687 -0.0738 0.9949
vn -0.9976 -0.0072 -0.0694
vn -0.0122 0.9972 0.0731
vn 0.9976 0.0072 0.0694
vn 0.0687 0.0738 -0.9949
usemtl Material.001
s off
f 9/21/7 11/22/7 15/23/7 13/24/7
f 12/25/8 16/26/8 15/27/8 11/28/8
f 16/26/9 14/29/9 13/30/9 15/27/9
f 14/29/10 16/31/10 12/32/10 10/33/10
f 10/34/11 12/35/11 11/36/11 9/37/11
f 14/38/12 10/33/12 9/39/12 13/40/12
o Plank.002_Cube.002
v 7.600466 -0.132412 10.119354
v 7.593781 0.268918 10.123796
v 7.603430 -0.235604 19.444473
v 7.596745 0.165726 19.448915
v 5.600743 -0.165726 10.119621
v 5.594058 0.235604 10.124063
v 5.603707 -0.268918 19.444740
v 5.597022 0.132412 19.449183
vt 0.375000 0.000000
vt 0.375000 0.250000
vt 0.625000 0.250000
vt 0.625000 0.000000
vt 0.375000 0.250000
vt 0.375000 0.500000
vt 0.625000 0.500000
vt 0.625000 0.250000
vt 0.375000 0.750000
vt 0.625000 0.750000
vt 0.375000 1.000000
vt 0.625000 1.000000
vt 0.625000 0.750000
vt 0.125000 0.500000
vt 0.125000 0.750000
vt 0.375000 0.750000
vt 0.375000 0.500000
vt 0.625000 0.500000
vt 0.875000 0.750000
vt 0.875000 0.500000
vn 0.0167 -0.9998 -0.0111
vn 0.0003 -0.0111 0.9999
vn -0.9999 -0.0167 0.0001
vn -0.0167 0.9998 0.0111
vn 0.9999 0.0167 -0.0001
vn -0.0003 0.0111 -0.9999
usemtl Material.002
s off
f 17/41/13 19/42/13 23/43/13 21/44/13
f 20/45/14 24/46/14 23/47/14 19/48/14
f 24/46/15 22/49/15 21/50/15 23/47/15
f 22/49/16 24/51/16 20/52/16 18/53/16
f 18/54/17 20/55/17 19/56/17 17/57/17
f 22/58/18 18/53/18 17/59/18 21/60/18
o Plank.003_Cube.003
v 9.974895 -0.196778 10.160921
v 9.974822 0.204632 10.161243
v 9.634109 -0.204325 19.480379
v 9.634036 0.197085 19.480701
v 7.976232 -0.197085 10.087835
v 7.976158 0.204325 10.088158
v 7.635446 -0.204632 19.407293
v 7.635372 0.196778 19.407616
vt 0.375000 0.000000
vt 0.375000 0.250000
vt 0.625000 0.250000
vt 0.625000 0.000000
vt 0.375000 0.250000
vt 0.375000 0.500000
vt 0.625000 0.500000
vt 0.625000 0.250000
vt 0.375000 0.750000
vt 0.625000 0.750000
vt 0.375000 1.000000
vt 0.625000 1.000000
vt 0.625000 0.750000
vt 0.125000 0.500000
vt 0.125000 0.750000
vt 0.375000 0.750000
vt 0.375000 0.500000
vt 0.625000 0.500000
vt 0.875000 0.750000
vt 0.875000 0.500000
vn 0.0002 -1.0000 -0.0008
vn -0.0365 -0.0008 0.9993
vn -0.9993 -0.0002 -0.0365
vn -0.0002 1.0000 0.0008
vn 0.9993 0.0002 0.0365
vn 0.0365 0.0008 -0.9993
usemtl Material.003
s off
f 25/61/19 27/62/19 31/63/19 29/64/19
f 28/65/20 32/66/20 31/67/20 27/68/20
f 32/66/21 30/69/21 29/70/21 31/67/21
f 30/69/22 32/71/22 28/72/22 26/73/22
f 26/74/23 28/75/23 27/76/23 25/77/23
f 30/78/24 26/73/24 25/79/24 29/80/24
o Plank.004_Cube.004
v 1.258891 -0.226485 10.205710
v 1.258787 0.174918 10.203421
v 0.594650 -0.173591 19.507565
v 0.594546 0.227813 19.505276
v -0.736030 -0.227813 10.063262
v -0.736133 0.173591 10.060972
v -1.400271 -0.174918 19.365116
v -1.400374 0.226485 19.362827
vt 0.375000 0.000000
vt 0.375000 0.250000
vt 0.625000 0.250000
vt 0.625000 0.000000
vt 0.375000 0.250000
vt 0.375000 0.500000
vt 0.625000 0.500000
vt 0.625000 0.250000
vt 0.375000 0.750000
vt 0.625000 0.750000
vt 0.375000 1.000000
vt 0.625000 1.000000
vt 0.625000 0.750000
vt 0.125000 0.500000
vt 0.125000 0.750000
vt 0.375000 0.750000
vt 0.375000 0.500000
vt 0.625000 0.500000
vt 0.875000 0.750000
vt 0.875000 0.500000
vn 0.0003 -1.0000 0.0057
vn -0.0712 0.0057 0.9974
vn -0.9975 -0.0007 -0.0712
vn -0.0003 1.0000 -0.0057
vn 0.9975 0.0007 0.0712
vn 0.0712 -0.0057 -0.9974
usemtl Material.004
s off
f 33/81/25 35/82/25 39/83/25 37/84/25
f 36/85/26 40/86/26 39/87/26 35/88/26
f 40/86/27 38/89/27 37/90/27 39/87/27
f 38/89/28 40/91/28 36/92/28 34/93/28
f 34/94/29 36/95/29 35/96/29 33/97/29
f 38/98/30 34/93/30 33/99/30 37/100/30
o Plank.005_Cube.005
v 11.669200 0.084466 10.084423
v 11.669538 0.485133 10.108826
v 12.010138 -0.482366 19.386625
v 12.010475 -0.081698 19.411028
v 9.670538 0.081698 10.157509
v 9.670876 0.482366 10.181911
v 10.011476 -0.485133 19.459711
v 10.011813 -0.084466 19.484114
vt 0.375000 0.000000
vt 0.375000 0.250000
vt 0.625000 0.250000
vt 0.625000 0.000000
vt 0.375000 0.250000
vt 0.375000 0.500000
vt 0.625000 0.500000
vt 0.625000 0.250000
vt 0.375000 0.750000
vt 0.625000 0.750000
vt 0.375000 1.000000
vt 0.625000 1.000000
vt 0.625000 0.750000
vt 0.125000 0.500000
vt 0.125000 0.750000
vt 0.375000 0.750000
vt 0.375000 0.500000
vt 0.625000 0.500000
vt 0.875000 0.750000
vt 0.875000 0.500000
vn -0.0008 -0.9982 -0.0608
vn 0.0366 -0.0608 0.9975
vn -0.9993 -0.0014 0.0365
vn 0.0008 0.9982 0.0608
vn 0.9993 0.0014 -0.0365
vn -0.0366 0.0608 -0.9975
usemtl Material.005
s off
f 41/101/31 43/102/31 47/103/31 45/104/31
f 44/105/32 48/106/32 47/107/32 43/108/32
f 48/106/33 46/109/33 45/110/33 47/107/33
f 46/109/34 48/111/34 44/112/34 42/113/34
f 42/114/35 44/115/35 43/116/35 41/117/35
f 46/118/36 42/113/36 41/119/36 45/120/36
o Plank.006_Cube.006
v -1.215383 -0.130861 11.640543
v -1.215703 0.270399 11.649366
v -1.070874 -0.267791 17.872873
v -1.071193 0.133468 17.881697
v -3.214549 -0.133468 11.686840
v -3.214868 0.267791 11.695663
v -3.070039 -0.270399 17.919170
v -3.070358 0.130861 17.927994
vt 0.375000 0.000000
vt 0.375000 0.250000
vt 0.625000 0.250000
vt 0.625000 0.000000
vt 0.375000 0.250000
vt 0.375000 0.500000
vt 0.625000 0.500000
vt 0.625000 0.250000
vt 0.375000 0.750000
vt 0.625000 0.750000
vt 0.375000 1.000000
vt 0.625000 1.000000
vt 0.625000 0.750000
vt 0.125000 0.500000
vt 0.125000 0.750000
vt 0.375000 0.750000
vt 0.375000 0.500000
vt 0.625000 0.500000
vt 0.875000 0.750000
vt 0.875000 0.500000
vn 0.0008 -0.9998 -0.0220
vn 0.0232 -0.0220 0.9995
vn -0.9997 -0.0013 0.0232
vn -0.0008 0.9998 0.0220
vn 0.9997 0.0013 -0.0232
vn -0.0232 0.0220 -0.9995
usemtl Material.006
s off
f 49/121/37 51/122/37 55/123/37 53/124/37
f 52/125/38 56/126/38 55/127/38 51/128/38
f 56/126/39 54/129/39 53/130/39 55/127/39
f 54/129/40 56/131/40 52/132/40 50/133/40
f 50/134/41 52/135/41 51/136/41 49/137/41
f 54/138/42 50/133/42 49/139/42 53/140/42
o Cylinder.001_Cylinder.010
v -2.198908 1.653500 9.550928
v -2.198908 -5.151243 9.550928
v -1.491802 1.653500 9.843822
v -1.491802 -5.151243 9.843822
v -1.198908 1.653500 10.550928
v -1.198908 -5.151243 10.550928
v -1.491802 1.653500 11.258035
v -1.491802 -5.151243 11.258035
v -2.198908 1.653500 11.550928
v -2.198908 -5.151243 11.550928
v -2.906015 1.653500 11.258035
v -2.906015 -5.151243 11.258035
v -3.198908 1.653500 10.550928
v -3.198908 -5.151243 10.550928
v -2.906015 1.653500 9.843822
v -2.906015 -5.151243 9.843822
vt 1.000000 0.500000
vt 0.875000 0.500000
vt 0.875000 1.000000
vt 1.000000 1.000000
vt 0.750000 0.500000
vt 0.750000 1.000000
vt 0.625000 0.500000
vt 0.625000 1.000000
vt 0.500000 0.500000
vt 0.500000 1.000000
vt 0.375000 0.500000
vt 0.375000 1.000000
vt 0.250000 0.500000
vt 0.250000 1.000000
vt 0.419706 0.419706
vt 0.490000 0.250000
vt 0.419706 0.080294
vt 0.250000 0.010000
vt 0.080294 0.080294
vt 0.010000 0.250000
vt 0.080294 0.419706
vt 0.250000 0.490000
vt 0.125000 0.500000
vt 0.125000 1.000000
vt 0.000000 0.500000
vt 0.000000 1.000000
vt 0.750000 0.490000
vt 0.580294 0.419706
vt 0.510000 0.250000
vt 0.580294 0.080294
vt 0.750000 0.010000
vt 0.919706 0.080294
vt 0.990000 0.250000
vt 0.919706 0.419706
vn 0.3827 0.0000 -0.9239
vn 0.9239 0.0000 -0.3827
vn 0.9239 0.0000 0.3827
vn 0.3827 0.0000 0.9239
vn -0.3827 0.0000 0.9239
vn -0.9239 0.0000 0.3827
vn 0.0000 -1.0000 0.0000
vn -0.9239 0.0000 -0.3827
vn -0.3827 0.0000 -0.9239
vn 0.0000 1.0000 0.0000
usemtl None
s off
f 57/141/43 59/142/43 60/143/43 58/144/43
f 59/142/44 61/145/44 62/146/44 60/143/44
f 61/145/45 63/147/45 64/148/45 62/146/45
f 63/147/46 65/149/46 66/150/46 64/148/46
f 65/149/47 67/151/47 68/152/47 66/150/47
f 67/151/48 69/153/48 70/154/48 68/152/48
f 60/155/49 62/156/49 64/157/49 66/158/49 68/159/49 70/160/49 72/161/49 58/162/49
f 69/153/50 71/163/50 72/164/50 70/154/50
f 71/163/51 57/165/51 58/166/51 72/164/51
f 57/167/52 71/168/52 69/169/52 67/170/52 65/171/52 63/172/52 61/173/52 59/174/52
o Cylinder.002_Cylinder.011
v -2.198908 1.653500 18.089561
v -2.198908 -5.151243 18.089561
v -1.491802 1.653500 18.382454
v -1.491802 -5.151243 18.382454
v -1.198908 1.653500 19.089561
v -1.198908 -5.151243 19.089561
v -1.491802 1.653500 19.796669
v -1.491802 -5.151243 19.796669
v -2.198908 1.653500 20.089561
v -2.198908 -5.151243 20.089561
v -2.906015 1.653500 19.796669
v -2.906015 -5.151243 19.796669
v -3.198908 1.653500 19.089561
v -3.198908 -5.151243 19.089561
v -2.906015 1.653500 18.382454
v -2.906015 -5.151243 18.382454
vt 1.000000 0.500000
vt 0.875000 0.500000
vt 0.875000 1.000000
vt 1.000000 1.000000
vt 0.750000 0.500000
vt 0.750000 1.000000
vt 0.625000 0.500000
vt 0.625000 1.000000
vt 0.500000 0.500000
vt 0.500000 1.000000
vt 0.375000 0.500000
vt 0.375000 1.000000
vt 0.250000 0.500000
vt 0.250000 1.000000
vt 0.419706 0.419706
vt 0.490000 0.250000
vt 0.419706 0.080294
vt 0.250000 0.010000
vt 0.080294 0.080294
vt 0.010000 0.250000
vt 0.080294 0.419706
vt 0.250000 0.490000
vt 0.125000 0.500000
vt 0.125000 1.000000
vt 0.000000 0.500000
vt 0.000000 1.000000
vt 0.750000 0.490000
vt 0.580294 0.419706
vt 0.510000 0.250000
vt 0.580294 0.080294
vt 0.750000 0.010000
vt 0.919706 0.080294
vt 0.990000 0.250000
vt 0.919706 0.419706
vn 0.3827 0.0000 -0.9239
vn 0.9239 0.0000 -0.3827
vn 0.9239 0.0000 0.3827
vn 0.3827 0.0000 0.9239
vn -0.3827 0.0000 0.9239
vn -0.9239 0.0000 0.3827
vn 0.0000 -1.0000 0.0000
vn -0.9239 0.0000 -0.3827
vn -0.3827 0.0000 -0.9239
vn 0.0000 1.0000 0.0000
usemtl None
s off
f 73/175/53 75/176/53 76/177/53 74/178/53
f 75/176/54 77/179/54 78/180/54 76/177/54
f 77/179/55 79/181/55 80/182/55 78/180/55
f 79/181/56 81/183/56 82/184/56 80/182/56
f 81/183/57 83/185/57 84/186/57 82/184/57
f 83/185/58 85/187/58 86/188/58 84/186/58
f 76/189/59 78/190/59 80/191/59 82/192/59 84/193/59 86/194/59 88/195/59 74/196/59
f 85/187/60 87/197/60 88/198/60 86/188/60
f 87/197/61 73/199/61 74/200/61 88/198/61
f 73/201/62 87/202/62 85/203/62 83/204/62 81/205/62 79/206/62 77/207/62 75/208/62
